100
51 56
108 137
93 96
140 58
91 85
91 130
26 81
112 89
29 30
64 134
148 84
155 87
161 121
138 122
73 43
56 35
154 20
138 98
63 11
153 133
180 32
179 67
119 145
153 8
74 126
100 16
191 124
34 165
114 198
113 125
103 102
8 76
35 133
41 133
11 68
28 150
117 152
183 125
175 37
34 118
26 132
147 46
36 18
124 127
54 15
177 70
30 142
81 60
5 112
113 110
140 163
74 200
187 39
2 42
133 53
49 8
16 183
116 134
130 35
15 191
140 157
75 73
12 63
26 23
195 10
11 118
63 125
47 20
102 80
63 85
169 57
37 126
36 49
24 72
178 62
149 34
148 12
166 16
126 65
29 58
171 126
186 148
20 129
87 105
109 156
143 116
125 105
15 143
91 157
148 141
68 4
43 192
108 197
161 5
35 53
127 174
96 4
189 135
10 27
200 67
