5000
4764
540
2417
1841
4894
1156
872
3677
4988
489
3285
1734
607
3350
4657
2849
2870
1018
1725
1125
1897
2783
1381
1105
2751
164
1384
358
3248
3623
1802
4914
2409
3571
412
425
1118
3299
3055
4148
4672
4044
783
646
15
1066
449
2624
120
310
2519
934
4359
3317
1166
4085
643
2444
2120
2273
3711
4738
2749
3222
3925
3802
411
2150
593
2232
1058
3062
4116
819
1230
4685
109
829
1654
3463
4737
3289
4089
436
4917
873
1389
173
1433
4858
4010
1946
2423
567
3133
1644
5000
3574
4218
3714
4505
1427
4869
2615
3155
1145
1601
3138
891
203
1747
2153
3585
4984
1438
2481
1957
2430
1212
709
1518
4008
30
4949
2921
2912
3954
450
2740
1613
64
3199
971
4919
1169
3232
1216
1300
4227
122
290
2025
743
243
4847
37
1284
3298
3532
494
2951
3217
457
1128
118
1828
4525
4173
865
3454
906
4449
3450
2880
4388
4954
534
1501
3679
1361
1020
492
3845
2345
4931
2948
4837
4591
3029
4640
1740
3243
8
2762
3323
4656
1378
832
336
947
771
2023
4318
2897
2331
140
2402
1984
4184
2950
4177
2179
3277
1491
4086
3408
4573
912
3905
3727
4228
3963
1400
2075
2082
2193
936
3524
4420
4183
980
2302
2182
4120
3116
1522
1941
4427
1477
4720
3157
4186
1247
2175
3838
3275
4232
3189
4207
946
211
4532
4223
2408
4904
3790
1821
2098
1482
301
51
531
3273
1818
1763
4073
2072
2429
4322
283
4401
2222
1506
2046
2314
3521
2943
3491
4459
3591
756
2524
2453
344
4188
1
1596
2437
4881
4555
3356
3646
1463
3361
474
1626
668
1077
3959
4595
1411
2872
4032
896
2447
4187
835
557
1178
674
3360
279
4937
4245
4768
4663
2735
4331
1347
3365
3976
4199
111
2767
368
1449
584
644
1906
1820
3764
467
2236
26
3034
4732
470
3935
1356
277
1948
441
608
1068
860
4765
508
1770
379
131
2818
4762
2748
2111
874
1097
1739
883
2924
1008
4578
1328
3974
38
266
996
4892
785
1849
4383
2465
1460
3745
4526
1764
4442
1073
1064
3822
2170
1244
4052
1238
2476
1916
4912
2699
1338
619
3091
284
4941
4543
374
4139
68
1176
47
4564
3729
4197
1919
4523
2199
4441
2607
3672
1532
4126
2515
1098
2617
2278
3960
1619
3596
4317
1260
4841
1283
4377
2894
4283
1603
4666
1616
3433
4159
1355
862
4767
2309
1741
1360
465
1969
3001
1694
4440
1204
4938
376
3782
3576
4756
836
2332
478
4256
2196
1759
503
1116
4956
4776
924
2659
3578
4647
3307
1295
4621
4918
750
905
4874
2061
1642
4827
4728
3322
227
4244
1495
1078
255
2701
1873
4156
1305
364
3722
3943
3320
4011
2220
1572
4916
1298
991
237
4574
2379
1107
2941
1575
1983
4929
569
2019
4727
4349
4104
675
974
424
3590
1165
4289
4128
580
453
1565
1100
4967
1267
3641
2080
3151
2959
3396
899
2844
3006
954
2094
201
4295
1345
1882
1555
3821
1054
667
57
4445
2081
2087
4298
1546
648
2224
377
273
3251
1136
330
3128
1126
4518
729
1189
2635
1717
4920
748
4213
2320
2401
703
2392
62
1055
3899
2590
1967
3511
2886
3681
4569
1304
2790
3581
629
4996
2078
100
4125
3020
598
1203
2065
3164
2049
828
210
4950
2741
4611
1119
1206
373
957
914
5
3811
70
4675
4039
1038
2056
4683
3370
2367
4757
3280
2172
3991
4135
1761
3180
471
270
2203
3357
1932
2317
3988
79
3710
1594
3909
4012
188
1940
919
1975
261
401
788
3405
4084
2297
251
375
2045
1051
3841
1848
839
389
4336
4548
3653
2896
4798
851
2239
1422
4895
3245
3255
2277
4312
2555
1340
3098
3930
4509
4266
4599
3286
2600
4471
332
3165
1705
3339
3916
2903
2577
298
2679
2877
3140
1606
3778
3198
4507
4489
651
734
4050
4028
4635
1061
2681
552
4753
1421
3862
1232
1743
3368
2443
2729
4530
3201
3130
4380
2623
2596
1876
3509
2127
4141
4812
1012
4870
626
2377
1748
176
2603
1303
4616
4358
950
3061
3840
408
2441
3835
723
2335
894
4113
1480
2360
2898
4204
4734
2556
2852
2292
4893
1733
4777
889
3188
2118
2459
4703
1033
1277
1799
2313
2713
139
2661
3127
3185
3304
1965
1714
2163
3461
3800
4626
4499
4759
1485
3191
2922
3780
157
95
147
4166
65
4558
1385
575
4112
2390
2703
2862
4538
952
513
4552
2744
4045
840
984
3436
385
600
4739
4983
3131
3944
1727
1791
2449
559
804
1990
2016
666
3194
4247
3580
2133
2368
4043
3377
4360
2190
1573
4345
4047
1800
2709
3063
553
3857
2599
480
2565
4404
3601
1444
1756
4749
3233
3469
2618
3315
2803
2029
3364
2067
2455
4952
4480
4026
4531
254
536
2711
4545
3031
1772
2983
1938
1191
36
784
48
4057
119
3032
1326
2933
3143
867
4519
780
487
2334
1413
161
2633
23
4528
3344
1080
4506
661
127
4712
579
2021
101
2914
1744
3992
791
3669
3177
1417
4966
2763
4554
2069
512
4813
831
1899
3951
4901
3703
2829
3879
2834
2539
1367
2480
3018
1959
624
3123
3477
3278
4393
362
3965
2616
1569
2725
4275
1511
1505
365
960
4905
3793
986
2776
4264
1447
2000
2637
1586
3340
2773
3012
857
4557
1647
1531
4735
863
1840
2414
1496
507
4986
2321
447
1188
3410
4740
3179
4137
4547
2026
144
2927
2208
3715
4634
3561
2272
987
182
3505
2901
3812
2532
4371
4961
4004
2106
3667
1219
2942
9
3444
1235
3421
822
459
3301
4568
3847
4399
3770
2634
3624
855
2830
807
1656
4395
1627
4373
185
1450
1111
4150
3389
222
2051
990
3892
1213
1013
4170
3403
2855
1695
699
787
1183
2805
3366
4845
2528
2089
3843
2964
97
1195
2696
3422
4572
4804
599
656
1442
2569
1456
2032
3736
4384
88
2572
4699
2290
700
4784
2535
2536
4934
3110
2375
969
3697
19
133
1208
2383
1339
4162
4910
1155
1161
975
4562
1106
2012
428
2420
3694
4860
3276
3079
541
2739
811
3428
770
3009
3712
2966
4001
3674
1665
3522
2736
701
2031
1989
3387
1672
2351
1241
4835
2213
2181
4679
1926
4463
789
1556
3663
1498
3529
4705
3205
3468
4124
4541
2275
4248
4522
1302
2620
2990
731
1089
1853
1004
2568
4019
4814
4563
4922
2386
4556
2732
3466
956
4928
3158
1245
2033
653
3268
564
2794
3545
3096
1956
4785
4477
3040
3420
2527
3664
4397
966
2820
4414
2469
1598
1453
4362
1930
3302
226
838
272
299
3856
3549
2575
4708
739
2657
93
4088
925
4521
4066
22
2295
1769
326
3948
1950
2311
4778
815
4781
4390
2145
2472
911
96
4216
2573
3779
2511
282
561
2795
930
4793
1677
3868
4550
1855
546
2015
4970
1205
1590
4386
2876
2533
3495
633
693
706
568
742
1664
1269
2823
621
3216
3637
2399
1150
4709
3142
1649
2838
4115
413
800
3346
578
500
2503
3328
1701
1931
1358
4175
427
4297
4615
369
897
794
1558
3732
4853
972
837
4696
3926
3417
2037
3671
1864
2462
1524
1021
293
518
696
4622
3744
2537
962
110
2210
1803
1639
4868
1704
2077
684
2789
4771
682
1663
2242
2136
1265
35
383
1391
2007
1859
3028
4487
223
3772
2782
3087
259
4817
3817
4808
4064
4370
3586
1994
773
2085
3789
1045
1137
2724
3538
194
720
4741
4646
2550
4334
1517
3406
3431
1564
2285
973
4431
1692
4590
2438
2195
4040
172
4866
3673
4674
281
2520
4567
4544
4046
2269
2648
4612
124
3757
3528
3904
1516
4816
3493
3048
1777
2114
3622
1515
4927
1500
2249
681
1050
370
3501
4600
1512
1827
2602
2413
3938
4439
2194
1992
2965
3230
688
4212
2580
3115
3083
3321
3907
475
3567
17
4379
4854
2132
3291
4840
4410
3560
3833
1075
1927
2185
3355
461
3698
220
3297
3912
2687
3092
4024
1085
4645
2513
280
3767
2434
3395
2695
231
113
4409
3027
1276
3893
4539
2223
641
4529
2373
292
4067
4495
3161
543
2586
4367
4022
4338
4313
3753
4428
3058
1251
3823
2888
1335
4773
2526
904
92
1972
1297
544
2256
2908
1666
1380
3559
3423
3050
2863
2235
4716
4698
1842
1923
2022
3990
1584
395
2475
1877
3351
4856
3234
2717
2606
1960
868
2846
2187
1207
1579
3888
1399
2286
1857
2229
1643
2308
4272
2574
795
3552
2935
4636
2186
2246
1278
3775
1817
2891
2775
29
4031
3945
4829
1784
1403
4081
4109
455
1504
704
4215
1538
1824
4058
902
1435
191
3003
533
1404
2604
2427
4707
4687
1062
1929
4671
3265
4396
2566
2233
2831
1794
1750
170
3513
1046
2325
2563
4243
463
2058
1552
1190
3080
850
4325
1426
4147
4921
2296
4185
2962
1264
3836
3211
1722
288
659
3178
2281
3839
3933
1687
511
4211
3401
1024
753
2882
205
4658
4710
2718
3136
1170
1599
497
4239
4286
4282
3723
1168
2854
4311
300
3187
2853
2817
239
2129
545
4368
3670
790
2928
1648
2609
4214
3806
514
3875
2858
3690
2436
2251
1237
3341
174
3896
845
3014
2887
2932
1589
229
1732
2291
1686
24
2369
942
3261
2262
1439
2471
878
4065
1132
1604
1528
3439
3231
4023
3269
2940
3235
909
2079
2698
4315
495
1082
2766
1726
3584
155
1414
2581
2161
4669
1151
2482
78
792
1497
680
2680
1671
3827
1135
4631
921
2483
1492
4561
3008
1637
112
3932
2003
63
2143
2813
3537
134
2969
3583
4242
3170
3544
3510
1483
2103
4581
4270
4446
3864
620
136
4711
3016
2440
4402
2832
4799
439
3979
3989
527
782
937
2957
4271
631
2662
1645
2204
576
1771
4510
3167
317
1069
2543
4503
1628
1390
4772
49
1469
1040
3804
2952
1258
3383
381
1153
1935
2663
755
233
1441
4268
3319
1696
4059
3910
3662
708
2708
4888
325
1561
4061
3388
242
3733
616
3721
1814
4620
1346
796
4588
692
1622
2282
694
1978
4479
4745
754
4000
2500
2200
2845
2095
1720
1530
1000
3120
1879
4770
3053
4944
3038
935
3966
4387
2902
3121
3795
808
2900
2400
655
1790
4172
130
3819
11
2280
3412
1023
3645
2552
976
3765
3333
2473
718
4144
3756
42
3253
4639
2038
308
4613
2304
4337
4176
294
1072
1094
1252
618
4321
3036
4238
1718
3447
256
4418
3046
1702
698
2093
4114
3632
297
2936
1139
4551
958
714
2156
2707
3284
4149
2237
278
4821
2322
4603
1775
716
4686
3438
3183
2977
1861
2911
2052
1553
560
2092
477
4678
1337
1173
4296
4041
3224
1798
3568
4930
1887
3407
3818
793
2009
3550
907
86
4077
2316
106
3546
3936
442
2521
4332
695
4106
197
1854
1056
1611
3011
4823
2869
1977
4972
3455
1415
2461
4374
43
4651
3030
532
2068
2841
4278
1239
1958
3082
933
1470
3625
2796
247
3995
1835
2074
1691
4877
844
235
3292
1401
744
249
387
4630
3458
2333
3226
2189
1159
3448
4500
4715
476
1039
2405
3996
3324
4855
2385
669
3429
841
3430
2926
2611
1087
1031
683
3052
3870
4867
2564
1202
4069
3853
3099
1536
610
3639
4443
1293
4497
4846
615
2955
4880
2329
4818
1316
1998
2643
2554
4284
4982
3755
3257
3955
601
458
3824
3195
13
506
4486
4062
4702
1951
2090
2485
1953
1307
1181
2486
2544
2270
354
1171
1027
4537
248
165
1659
3088
493
1632
4408
517
3166
1682
3763
1612
2107
4419
4697
196
2209
3105
847
1032
4939
4585
1325
2547
917
1197
355
834
3093
60
3007
1014
3266
918
979
4652
82
4231
1804
2439
3734
710
3570
713
3459
3311
2972
3335
4587
550
1354
230
3025
967
3748
767
824
4889
3467
2464
4637
940
3379
2356
4400
3117
1436
3750
3488
1786
2365
3122
137
4718
3695
830
3934
250
1315
3597
4811
4667
163
1481
4056
3295
4309
749
2289
3445
1076
4138
3882
1617
2605
215
2893
4617
2816
3631
4316
1685
3308
1620
1318
2867
3610
2934
4406
3404
4800
740
1394
4035
1964
2755
1836
4117
2474
3064
4559
484
1540
3204
4329
3569
3844
1526
2819
1209
989
46
2811
3911
4425
963
4412
1547
2071
2879
3743
1543
2207
2632
3640
3516
87
352
446
920
524
3056
4158
2040
2764
945
4925
331
4570
4123
2159
1832
915
123
4179
444
2601
2284
4769
2497
1112
3237
499
2991
2904
3434
454
1396
152
4802
2752
4627
1757
1801
1121
67
1568
3659
4082
4834
592
1123
3565
1127
1334
3769
1484
528
4985
4072
3021
1797
4301
3017
3740
3264
2327
537
4654
4971
985
3558
2226
2248
2545
2116
1003
2212
3661
4254
4614
1220
1025
2693
2726
342
2967
1377
1341
1996
53
3223
4797
1352
4122
4306
1815
1148
964
4097
4948
565
2412
547
1357
2799
3826
2
3225
2346
2064
1388
4992
304
640
1398
2504
4353
193
953
4609
4977
1434
2062
345
1393
4594
757
786
647
4875
2406
768
849
2704
2303
551
2651
4476
766
826
3193
335
679
563
4182
1669
4224
1163
2155
1585
3939
1332
4132
3426
1608
2372
4292
3137
258
3481
4236
2944
2591
2421
3970
2716
590
3074
3104
2487
366
4467
4219
3902
711
4294
529
2645
56
3435
1452
3489
781
879
3294
2141
4774
3629
2684
3476
3713
3154
1605
2557
525
939
1383
3478
2960
2636
3382
1866
2582
4029
1917
3707
1158
417
4648
4911
1371
3771
892
3651
4253
632
1065
2630
2276
3609
4655
3073
4092
1459
3175
3562
2240
1131
1945
717
2105
3520
4955
4825
2002
4110
4259
2030
2578
4653
4719
1363
697
3604
4381
1863
2628
4352
2169
2245
1113
1301
2381
135
1092
3921
3262
329
1653
153
3160
4807
3347
319
99
1149
4801
3464
104
4473
4625
3057
3498
3958
4748
1537
4300
2008
2629
1259
3310
409
4524
4898
3212
380
4194
4946
3135
1343
4255
84
1681
4700
4896
1742
1805
4903
1196
3563
1225
3039
2937
677
803
549
1860
4491
114
2916
4267
1257
3065
3687
3462
257
1081
4347
4605
403
2939
842
636
1697
4641
1263
735
1520
4862
1825
1693
4582
2263
2856
14
885
295
2123
1199
4796
602
2692
1833
2949
4978
306
4782
2743
3402
2166
941
1942
583
1811
1939
4908
591
3106
3860
3880
1262
482
2337
1774
3221
3163
1578
2646
4546
761
2254
4692
2992
2993
2652
187
4168
1353
4378
275
4229
562
2446
1999
4987
4392
2719
1559
4953
4815
1074
2508
1724
4974
1479
3440
2579
1248
4225
3689
772
1454
3343
4310
721
3213
1600
3846
2666
4063
4327
1560
3747
2758
4750
1670
4809
2668
61
2415
431
393
2457
1871
2560
1160
3594
1813
1735
4664
4323
2341
2881
2913
4071
3918
2347
433
3540
2419
673
3005
4258
817
3359
4394
2024
1884
3196
3957
2971
4779
4160
577
4681
316
4514
318
3742
4217
3078
2230
3739
3613
102
4389
1985
1922
4095
4277
1760
4744
2060
3787
3647
1095
2864
1901
3095
1625
3842
1042
1294
978
3220
3820
2234
2631
2507
3655
3380
638
2777
1712
1721
3471
4602
3828
4009
2784
1464
4302
2562
929
202
732
2559
3705
2479
4
1968
554
4975
3617
2139
3238
715
685
4107
3218
3247
4142
1333
4424
178
3602
2827
3392
2217
1574
1754
3210
4426
535
2750
2146
3242
4369
903
1104
998
2745
75
1868
1407
33
2460
959
3000
4913
2907
3612
1006
386
722
1034
2495
4490
4234
635
1758
2727
3100
59
4873
1778
4511
1943
4584
982
3788
4677
2778
4940
1429
2826
3332
2435
4494
2057
195
4963
1117
3572
4364
2293
3536
2836
3259
2126
2338
733
1706
2241
2851
4363
2102
1406
1765
2452
1312
4444
3331
3303
4483
2501
752
1900
4933
1266
1017
3980
2988
397
2505
1351
2157
1471
473
2142
1236
4333
1716
4492
2355
80
1755
2584
2530
2788
2013
3139
1816
4942
895
4450
3246
1624
81
691
663
825
50
1152
3881
3010
3507
4398
2323
4831
260
3374
1210
3159
4169
2608
1614
2380
4632
4542
219
3147
2649
1468
3619
2815
2793
4145
4850
4102
665
1108
1562
2654
4747
1322
927
779
2720
2619
2395
2506
2255
1348
1918
1888
2387
4979
573
3589
4606
1549
2509
83
4342
3865
1883
18
1892
1306
334
4859
2201
2035
434
3325
746
2318
3494
2088
3362
4250
2489
3254
4571
406
2640
4695
4287
1826
4733
2847
296
2005
4592
2517
4597
3197
76
2122
4163
2144
4190
1936
2350
1843
2121
1746
1902
402
3997
4848
4260
1093
1103
4849
994
1365
177
3692
1292
32
289
4007
3386
3108
179
1308
3531
2923
71
4291
3759
1810
4722
628
2664
4924
758
4729
4164
4879
167
3172
4119
4320
4746
1862
1320
1133
2354
3917
2424
1652
1243
166
3480
4593
1110
3043
1635
3983
1231
1870
3097
520
1186
3928
1782
4174
132
4053
2931
199
4461
323
1597
678
420
2371
4775
759
4305
1891
4351
1730
3686
4417
2594
4193
4133
1090
4565
3784
3066
4795
3553
2946
3872
724
3900
2119
2470
1086
1043
3314
3418
2714
488
4252
4346
2343
1768
4580
1028
2998
3987
1193
198
3649
2700
4791
3384
1455
876
3606
4307
2669
4871
1410
1898
955
357
526
3913
313
3002
4457
4339
4241
1749
208
1114
2403
221
2538
2215
2305
3503
2174
4691
3940
1570
2930
246
4350
1409
3863
350
3336
3607
1788
1525
4792
1255
970
2685
2432
1430
410
2884
2389
882
4038
4263
3635
2036
2097
1908
4222
4872
138
880
4433
2833
977
4448
4220
816
1609
3103
4618
405
1445
4354
3891
204
3149
2014
1214
4105
1457
360
1851
2264
4980
2576
2154
2091
1392
3941
1146
1650
3399
184
129
3400
1052
670
3525
3523
2128
3993
4886
1587
4087
1494
4455
1472
2148
1903
856
2721
1886
3543
3929
2425
4246
338
4989
3700
3994
630
2702
4235
1880
502
3070
3683
3652
3470
3372
1707
1839
1993
2828
1279
1115
103
3688
588
2674
27
2358
1134
1499
2837
2614
4423
2135
4579
886
802
3615
1904
798
443
3069
774
1405
404
1180
627
2627
2086
28
3229
3508
4465
1215
2268
4502
3411
931
2306
2878
1102
1120
3749
1807
382
797
1673
3781
3067
2466
3352
3474
367
328
3051
4090
4885
3283
595
3768
649
372
1676
1037
200
3599
1428
1147
623
687
2895
881
671
3200
4682
159
396
1142
3956
4751
3730
141
240
501
1035
3837
2228
3557
2366
20
1680
4027
676
3515
2742
4251
2020
4743
2598
3783
1529
452
585
2920
1640
3487
116
2456
1246
818
4900
2512
1233
4596
3475
392
2183
1688
4926
634
870
2810
1376
1881
2431
3192
4429
2454
1713
4002
3813
2558
2585
2488
3391
3953
4575
3777
4958
3375
1823
148
4962
315
2873
2675
605
485
4415
4520
965
4997
3118
3342
2298
2865
4103
4899
3
31
16
1143
1519
1641
1274
1314
1342
1344
1551
522
390
2054
4721
3796
1924
4662
312
3456
39
2498
363
4456
3176
3887
4624
2117
2958
3146
4604
2522
4806
3786
997
4690
2288
4051
1675
3022
3249
2198
483
2257
1937
4348
3850
143
2973
498
3638
992
1920
2165
833
3419
2672
928
1509
2173
2929
3829
1634
4517
1049
4649
2548
2809
521
2980
4832
3831
3611
738
1192
4566
3451
3348
4470
4535
320
866
1431
1473
2184
1970
3981
801
2561
2874
570
3816
3367
3162
968
2252
890
799
4453
2266
727
2083
622
1005
1834
1980
1280
814
1508
1847
3924
4601
3184
2096
4790
3873
496
613
3807
3483
206
4432
3393
3414
1350
3081
3644
2780
398
4094
2978
2883
2689
1374
1638
1991
1527
2644
414
3327
4828
1591
4434
252
4725
4437
2986
1955
639
3473
4129
2180
2691
539
898
2798
1362
1099
2705
1731
1019
4361
4462
3109
2899
983
4055
25
813
2336
1982
1211
54
728
3595
3895
3042
3738
145
98
1911
3539
2622
4659
4118
859
2917
3033
4766
391
2407
3603
4485
1947
2050
2149
3076
581
4577
1423
658
4826
4281
3460
3329
2974
1915
3657
2650
3209
4083
2985
4976
1987
922
481
1631
2660
884
241
1330
3915
2359
1679
309
1629
1227
4998
4093
2001
1041
388
4422
3119
2945
4101
2593
2342
4761
3270
44
4060
3023
2925
1154
2938
378
1539
1179
1370
276
4876
4493
264
2968
472
843
4016
2885
2034
1047
3978
1703
2151
154
4375
432
4932
1830
3648
637
4731
2221
3416
41
4820
2310
4458
4205
2299
263
664
4957
2140
2340
858
1319
1402
1366
1182
269
4121
4533
438
2362
821
460
4755
189
160
2551
3287
3874
150
171
4973
3125
1962
3803
4005
1194
4161
2905
3962
2825
371
893
4706
1541
2361
4203
1974
3886
2426
3041
3482
146
4280
1510
3202
3409
2807
652
1418
2667
2746
1602
3090
4189
69
4496
3555
3288
3519
1780
943
4909
1581
4100
3024
128
2130
327
3678
2442
3338
4553
2339
1623
2510
3207
2814
216
351
3969
1001
1299
3614
7
3643
1934
3107
1633
3851
3203
1576
4171
169
1521
3952
2463
961
2138
1222
2477
3102
2250
1837
4020
587
348
3548
418
213
4482
1503
1878
3479
1221
4478
4608
3446
1610
1674
2147
3855
4134
407
1728
4959
1921
4299
1412
4513
4314
1217
1592
2108
3676
4076
1668
4262
4475
760
2063
2656
2167
999
2394
1059
209
1678
4994
988
3452
4091
2970
4887
244
4819
3472
1218
4736
3876
1016
333
3832
4836
1819
2821
2448
3593
2850
4633
689
3633
2682
3971
2759
3541
1865
4583
1461
2889
307
158
1256
702
2671
611
4454
3309
108
89
3731
1554
429
871
267
3883
4276
1507
2307
2781
2791
2374
1792
2994
1060
3754
3305
2953
1088
2768
2670
2070
730
1928
4155
2158
1373
105
4689
4330
2202
4206
1751
1175
3973
1907
3425
2997
3805
3884
1122
926
430
4233
1053
572
3798
810
2857
2801
1822
1487
3271
2760
2110
853
4540
3984
2683
1084
2690
3858
654
4447
3215
4527
1424
1369
2961
3626
340
538
1048
4833
4623
4694
4130
1015
2859
3726
4290
4844
2706
1885
3206
3575
1571
1952
3371
2260
1124
2918
4619
3852
1723
2860
1829
3716
3457
3072
4153
2225
4285
2570
1379
705
1787
1630
1869
2595
516
2843
4704
207
3306
1323
3373
604
4202
2044
2979
2218
2812
479
4018
2839
1776
4839
4452
1502
3920
1785
4079
2267
2981
3967
186
4852
609
2010
2956
505
3547
4407
809
435
3815
1808
1466
4999
3281
2112
3279
3605
2109
1144
3241
1101
4328
4308
596
2344
2416
4034
1071
2915
3443
2076
3717
72
2382
1667
4293
232
4385
2211
3680
303
3998
4324
4644
2804
2757
995
4451
1201
1164
1966
1831
2731
2621
594
1387
4240
4405
519
4713
4015
2910
3791
3937
1618
400
1767
4786
3134
1988
1420
3718
2131
3792
2100
712
3620
1533
421
2192
4693
1177
606
2892
3741
1083
4726
852
848
1138
625
3627
586
1961
3914
3111
3300
4326
2688
1057
451
2494
1588
321
3113
3982
4673
2840
3834
2723
262
1914
3751
1375
343
2625
2514
1285
1793
3534
745
162
3502
3068
1198
73
3566
555
3760
2253
4805
3898
2754
1162
2468
2376
812
660
2728
4030
21
3214
287
2388
1026
3869
504
4036
1710
910
3685
4780
2152
548
2312
2525
888
3761
1890
2613
1660
4003
2996
3814
614
2734
2353
3490
4140
3972
4411
4460
4754
2710
1229
3228
356
2715
1514
4080
2099
2066
1254
2243
4438
861
2676
2259
515
4143
349
2947
183
1478
1465
3949
4788
2324
877
2516
3504
1372
4484
4356
3616
1550
3866
2258
4304
3542
776
1607
4099
3592
1662
3518
2954
1563
1874
2753
2391
1448
2042
1249
1268
2822
4210
3964
2397
2124
4366
305
1954
3256
3517
2641
2800
1905
4589
2274
764
4403
3244
1896
3312
4995
672
3666
4191
2722
3148
2384
1467
944
3906
4968
3124
3084
1011
4830
3077
181
2909
34
3424
2639
225
4230
2658
3145
4127
1289
4340
2678
762
384
2787
4803
3551
4200
1944
4421
4469
4598
2364
4763
4048
1875
1689
4714
2315
1007
3810
4650
1324
2411
2404
3465
3316
253
1437
1657
440
3773
347
3060
142
3358
509
2326
1655
2989
3037
491
341
3484
4154
74
690
2188
2191
2006
445
3942
1331
1067
1140
52
3908
3654
3854
217
3453
3337
2160
1661
1432
2357
2919
3094
2861
3239
4435
1913
4684
4209
359
1621
4878
1548
530
2502
2231
3267
4861
2458
2101
3922
4991
2484
265
4907
3049
3735
464
3946
1036
2018
3290
938
645
4466
2824
4257
3799
612
1711
1359
4665
3774
1535
3709
2772
3089
3313
245
115
1224
4822
4037
3785
3776
1715
4990
1187
2567
3579
3258
1364
1310
3931
3499
747
274
4717
556
3363
4628
1858
558
3250
2592
268
2028
3961
2171
1683
2328
4021
1440
2626
765
2265
2410
3415
3129
4549
3514
1242
1796
456
4723
2039
3004
4642
2450
3556
4760
3535
3085
1296
3894
2176
218
1129
285
1200
3486
1416
1336
2653
1545
4481
2227
4842
1566
6
2396
719
4670
1446
3588
1773
4993
4472
4890
192
3950
3598
2785
3153
4136
2491
4810
751
4226
4111
1157
1386
4758
4676
3381
1408
1349
4787
4178
2428
3621
1009
4474
3737
4947
4638
3318
1699
3174
2963
151
3975
302
597
1226
737
419
4783
1130
2271
603
3272
2987
4068
4883
4261
3054
4960
741
2247
1973
650
3354
2553
2712
2769
3240
4049
3808
1029
3746
2283
1286
3182
2529
1894
286
66
2178
3901
662
3527
4274
3573
2162
2647
2055
3642
3889
1184
2697
1290
2011
2294
2770
3353
1557
1271
2686
1329
900
4884
3141
1845
2490
2134
2835
236
3724
4436
1542
1690
271
4288
1809
2571
3413
180
1109
3859
3658
4516
3035
1070
1443
3801
951
3608
3797
3600
2531
2027
948
1684
574
1234
1270
1287
2975
707
2806
1995
339
2733
4070
3334
2261
4936
2048
469
2004
462
4943
2244
2673
3485
2589
4945
1729
4196
4180
228
1425
3345
1488
2433
1395
3878
875
3500
1986
468
1022
589
3977
4981
2518
4863
2534
4017
2871
3628
2330
1583
3630
126
2792
3720
3376
3794
3668
4343
1789
2047
190
1250
291
2137
3394
2205
314
3634
1486
212
1567
3059
1261
4098
4269
3442
3650
2597
3861
2164
346
1893
4902
2761
1909
854
1615
90
1079
3903
3397
1490
3849
2216
4042
1912
4151
769
2747
1174
1949
4344
3326
1458
4096
3282
2587
4576
3015
175
4838
121
3075
2875
3947
3897
4891
1752
3227
3512
311
3369
77
4794
2638
3432
2546
2541
1838
4629
3867
2786
542
2197
3252
582
1867
3150
806
4181
4965
2287
3173
4536
3497
1745
3533
2115
1850
3682
4319
1795
3877
3526
4906
4078
2168
2398
214
1489
4468
3398
2422
1658
4501
1981
2756
2655
3825
3848
423
1275
4607
3496
1462
4512
725
426
3708
3587
1736
1646
4131
3564
4865
1273
4108
2842
322
4195
466
2765
1523
1513
40
3530
3871
394
3506
2499
4413
805
2378
1872
1766
1719
4742
2848
58
4508
1476
1933
1141
4643
3927
901
2890
4357
3168
2125
3719
4416
3378
3665
4303
4951
1419
566
3675
1779
1172
1030
1397
224
2177
3171
887
3752
1709
4033
4843
2445
1582
415
4198
4273
4752
2866
2868
827
2348
2610
1228
993
1474
4851
2906
4372
2301
1852
4014
4074
1580
736
3169
3126
2363
3554
2451
1313
4515
1291
4680
12
2493
1753
4157
4882
234
2206
4365
2319
125
4355
1976
617
2041
2730
1737
2370
3019
2073
4668
2492
1475
3701
3986
1091
1856
3156
1971
1593
1002
4610
4152
4025
869
3704
1185
1846
1910
3691
1577
3296
1925
3186
1096
3152
4391
2104
4935
399
1010
1844
3656
2300
448
4221
932
1812
4504
490
4237
1321
2467
1651
3762
3112
1167
3582
3026
4146
2665
422
3114
2219
4897
2771
4075
1979
3985
3766
2976
2779
4167
4488
2797
3636
1806
1317
3684
3919
657
2017
3274
4660
3132
3890
2084
4006
361
1783
2808
3101
2043
981
107
2642
1595
3699
1282
820
1063
156
149
10
913
3330
3181
1044
337
3190
2588
2393
2349
823
4265
117
2737
1895
324
2496
4724
2214
3885
3219
3449
763
3437
3013
4789
1738
3236
3577
1889
3693
3492
3725
3045
1281
2774
4964
91
4969
3385
4249
1382
2418
2802
3706
4382
1708
778
1544
2999
3208
1963
4192
4864
642
486
571
168
4201
4824
4923
353
4498
846
4279
4430
3696
4915
1493
1698
2612
2549
4013
3758
775
4376
1309
2677
94
1997
3809
1368
2352
916
949
1762
1223
1288
3144
3968
4335
4560
4208
3293
3923
1240
55
1272
4534
4165
2540
3349
2113
437
864
3071
1781
3390
2738
2238
3660
4464
3441
238
726
4857
416
4701
1636
3728
3263
686
3830
1327
2583
3999
1253
2523
3618
2053
3260
908
2542
4688
3427
923
2995
4054
4730
85
2059
523
3702
2478
2982
4661
3044
1451
3047
4341
510
2694
45
2984
1700
4586
1534
1311
3086
2279
777
