1000 32
124
449
789
697
75
408
150
626
330
8
254
752
291
861
260
268
720
214
460
60
317
611
533
848
415
898
862
35
212
670
479
581
815
819
68
947
799
7
355
735
469
795
299
229
125
894
905
662
29
603
94
15
202
220
719
410
490
763
756
890
955
454
574
671
684
730
859
614
163
790
506
515
891
313
340
356
915
830
557
312
63
782
253
857
632
422
184
637
828
49
713
678
379
972
439
516
796
936
649
83
948
22
279
696
997
207
881
993
12
683
734
438
280
183
128
724
910
749
431
37
345
44
275
66
428
188
230
618
467
285
159
481
197
282
658
732
639
368
605
16
615
872
100
723
590
992
387
663
381
478
751
360
691
50
118
564
524
707
166
310
952
443
140
236
240
393
225
105
277
61
871
286
573
343
10
318
747
144
850
545
569
500
772
193
341
453
135
845
610
999
156
359
821
895
132
325
858
805
65
832
78
475
679
391
402
957
820
509
794
146
274
847
741
986
109
702
950
991
934
179
911
175
246
537
362
712
589
505
582
41
943
389
235
433
967
243
482
760
152
43
290
675
97
542
920
281
42
123
169
308
804
841
366
234
167
867
982
47
89
142
19
160
672
407
442
351
778
921
21
580
777
528
780
608
199
269
190
814
529
296
311
358
733
233
20
113
307
924
342
250
602
3
252
74
392
34
117
791
711
133
693
527
51
187
903
182
532
374
322
462
886
380
925
455
640
394
737
980
978
530
931
324
973
536
927
508
435
127
92
852
556
745
695
39
293
837
440
594
831
877
84
232
294
781
103
812
278
497
331
949
817
383
349
865
896
607
704
447
928
398
1000
513
297
792
222
709
601
630
956
917
818
101
793
667
687
165
523
563
807
369
218
493
774
703
740
191
139
604
129
81
879
487
674
58
248
591
566
265
809
654
549
185
977
300
347
491
824
194
189
635
660
24
726
209
306
38
206
5
238
338
226
136
55
550
822
520
651
904
80
334
503
688
700
28
962
981
930
17
701
511
718
328
354
522
543
215
256
938
584
681
474
231
346
302
273
390
833
541
548
69
560
765
476
717
450
770
399
599
988
933
939
385
444
906
337
929
173
363
168
918
971
237
395
518
945
6
155
798
457
93
853
161
477
983
147
304
485
403
295
158
71
996
446
864
14
76
480
67
419
427
456
567
937
219
473
319
887
844
192
495
961
998
119
912
771
178
547
517
606
241
846
625
546
153
257
401
873
270
466
875
131
656
106
181
728
434
411
806
289
746
437
744
448
705
960
835
575
808
88
596
36
203
329
854
680
842
773
33
944
91
583
586
64
244
364
463
327
352
143
729
722
994
370
470
420
914
657
52
953
224
27
323
647
559
400
757
676
59
90
120
634
644
622
333
816
350
668
95
483
593
889
267
99
200
628
521
562
82
247
204
554
261
413
595
784
288
344
423
201
829
111
686
802
655
271
754
785
689
242
107
320
492
339
787
811
616
223
210
638
839
797
645
141
30
445
609
372
145
849
40
57
926
577
382
73
361
598
965
62
264
465
2
897
913
208
172
262
909
916
148
384
966
26
87
53
77
800
151
673
388
902
371
1
617
880
461
661
259
576
942
631
892
882
134
775
736
941
414
177
553
122
32
648
432
788
174
452
725
970
753
519
98
761
85
258
636
959
715
908
587
954
263
901
968
868
316
149
716
406
748
768
866
70
779
860
13
121
995
682
827
851
72
378
110
292
544
776
650
367
458
652
786
825
284
126
276
348
989
958
613
869
416
298
157
221
180
727
870
54
739
31
114
856
303
499
353
112
612
171
571
619
699
116
164
984
451
430
946
486
137
742
108
876
170
496
321
838
305
48
572
228
512
690
405
255
669
526
624
510
646
585
213
694
762
769
309
538
764
397
558
907
130
176
424
525
504
884
326
421
417
459
471
494
365
429
418
211
409
425
755
488
783
666
568
396
301
315
375
357
801
287
25
198
987
766
314
685
885
874
990
653
855
813
621
18
426
629
633
810
900
823
923
436
623
570
205
863
731
893
834
979
620
104
985
919
102
643
743
600
759
642
534
502
767
441
336
738
464
86
46
708
677
951
659
969
899
922
535
216
484
664
692
162
404
195
501
9
245
507
714
840
758
272
79
721
96
975
56
23
540
710
373
4
283
592
377
826
836
561
266
251
227
217
468
45
412
597
750
154
332
698
138
888
186
376
196
386
706
665
803
627
883
239
551
555
565
489
843
940
249
514
932
11
539
498
531
335
974
976
472
964
935
963
641
115
878
552
579
588
578
